 x(0) =   -1.000000    
 x(1) =    7.000000    
 x(2) = x(0) * x(1) =    -7.000000    
