 x(0) =   -1.000000    
 x(1) =    7.000000    
 x(2) = x(0) * x(1) =    -7.000000    
 
 y(-3) =    3.000000    
 y(-2) =    3.000000    
 y(-1) =    3.000000    
 
 z(-1) =   -1.000000    
 z( 0) =   0.0000000E+00
 z(-1) =   -1.000000    
